module_id,dir,topic_name,timestamp,__srcfile
60,out,vehicle_land_detected,1771685724812000,14_55_25_vehicle_land_detected_0.csv
60,out,vehicle_land_detected,1771685725812000,14_55_25_vehicle_land_detected_0.csv
60,out,vehicle_land_detected,1771685726812000,14_55_25_vehicle_land_detected_0.csv
60,out,vehicle_land_detected,1771685727228000,14_55_25_vehicle_land_detected_0.csv
60,out,vehicle_land_detected,1771685727324000,14_55_25_vehicle_land_detected_0.csv
60,in,topic_3,1771685727884000,14_55_25_subscription_info_0.csv
60,out,vehicle_land_detected,1771685728324000,14_55_25_vehicle_land_detected_0.csv
60,out,vehicle_land_detected,1771685729324000,14_55_25_vehicle_land_detected_0.csv
60,out,vehicle_land_detected,1771685729420000,14_55_25_vehicle_land_detected_0.csv
60,out,vehicle_land_detected,1771685730420000,14_55_25_vehicle_land_detected_0.csv
60,in,topic_244,1771685730524000,14_55_25_subscription_info_0.csv
60,in,topic_22,1771685730732000,14_55_25_subscription_info_0.csv
60,out,vehicle_land_detected,1771685731420000,14_55_25_vehicle_land_detected_0.csv
60,in,topic_1,1771685731484000,14_55_25_subscription_info_0.csv
60,in,topic_33,1771685732148000,14_55_25_subscription_info_0.csv
60,in,topic_33,1771685732308000,14_55_25_subscription_info_0.csv
60,out,vehicle_land_detected,1771685732420000,14_55_25_vehicle_land_detected_0.csv
60,out,vehicle_land_detected,1771685733420000,14_55_25_vehicle_land_detected_0.csv
60,out,vehicle_land_detected,1771685734420000,14_55_25_vehicle_land_detected_0.csv
60,out,vehicle_land_detected,1771685735420000,14_55_25_vehicle_land_detected_0.csv
60,in,topic_6,1771685736420000,14_55_25_subscription_info_0.csv
60,out,vehicle_land_detected,1771685736420000,14_55_25_vehicle_land_detected_0.csv
60,out,vehicle_land_detected,1771685737420000,14_55_25_vehicle_land_detected_0.csv
60,out,vehicle_land_detected,1771685738420000,14_55_25_vehicle_land_detected_0.csv
60,in,topic_3,1771685739244000,14_55_25_subscription_info_0.csv
60,out,vehicle_land_detected,1771685739420000,14_55_25_vehicle_land_detected_0.csv
60,out,vehicle_land_detected,1771685740420000,14_55_25_vehicle_land_detected_0.csv
60,in,topic_6,1771685741108000,14_55_25_subscription_info_0.csv
60,in,topic_33,1771685741348000,14_55_25_subscription_info_0.csv
60,out,vehicle_land_detected,1771685741420000,14_55_25_vehicle_land_detected_0.csv
60,out,vehicle_land_detected,1771685742420000,14_55_25_vehicle_land_detected_0.csv
60,out,vehicle_land_detected,1771685743420000,14_55_25_vehicle_land_detected_0.csv
60,out,vehicle_land_detected,1771685744420000,14_55_25_vehicle_land_detected_0.csv
60,out,vehicle_land_detected,1771685745420000,14_55_25_vehicle_land_detected_0.csv
60,out,vehicle_land_detected,1771685746420000,14_55_25_vehicle_land_detected_0.csv
60,out,vehicle_land_detected,1771685747420000,14_55_25_vehicle_land_detected_0.csv
60,in,topic_250,1771685748188000,14_55_25_subscription_info_0.csv
60,out,vehicle_land_detected,1771685748420000,14_55_25_vehicle_land_detected_0.csv
60,out,vehicle_land_detected,1771685749420000,14_55_25_vehicle_land_detected_0.csv
60,out,vehicle_land_detected,1771685750420000,14_55_25_vehicle_land_detected_0.csv
60,out,vehicle_land_detected,1771685751420000,14_55_25_vehicle_land_detected_0.csv
60,out,vehicle_land_detected,1771685752420000,14_55_25_vehicle_land_detected_0.csv
60,out,vehicle_land_detected,1771685753420000,14_55_25_vehicle_land_detected_0.csv
60,in,topic_129,1771685754148000,14_55_25_subscription_info_0.csv
60,out,vehicle_land_detected,1771685754420000,14_55_25_vehicle_land_detected_0.csv
60,in,topic_129,1771685754684000,14_55_25_subscription_info_0.csv
60,in,topic_22,1771685754964000,14_55_25_subscription_info_0.csv
60,in,topic_129,1771685755068000,14_55_25_subscription_info_0.csv
60,out,vehicle_land_detected,1771685755420000,14_55_25_vehicle_land_detected_0.csv
60,out,vehicle_land_detected,1771685756420000,14_55_25_vehicle_land_detected_0.csv
60,out,vehicle_land_detected,1771685757420000,14_55_25_vehicle_land_detected_0.csv
60,out,vehicle_land_detected,1771685758420000,14_55_25_vehicle_land_detected_0.csv
60,in,topic_129,1771685759348000,14_55_25_subscription_info_0.csv
60,out,vehicle_land_detected,1771685759420000,14_55_25_vehicle_land_detected_0.csv
60,out,vehicle_land_detected,1771685760420000,14_55_25_vehicle_land_detected_0.csv
60,out,vehicle_land_detected,1771685761420000,14_55_25_vehicle_land_detected_0.csv
60,out,vehicle_land_detected,1771685762420000,14_55_25_vehicle_land_detected_0.csv
60,in,topic_22,1771685762828000,14_55_25_subscription_info_0.csv
60,in,topic_129,1771685763268000,14_55_25_subscription_info_0.csv
60,out,vehicle_land_detected,1771685763420000,14_55_25_vehicle_land_detected_0.csv
60,in,topic_250,1771685763684000,14_55_25_subscription_info_0.csv
60,out,vehicle_land_detected,1771685764420000,14_55_25_vehicle_land_detected_0.csv
60,out,vehicle_land_detected,1771685765420000,14_55_25_vehicle_land_detected_0.csv
60,out,vehicle_land_detected,1771685766420000,14_55_25_vehicle_land_detected_0.csv
60,out,vehicle_land_detected,1771685767420000,14_55_25_vehicle_land_detected_0.csv
60,out,vehicle_land_detected,1771685768420000,14_55_25_vehicle_land_detected_0.csv
60,out,vehicle_land_detected,1771685769420000,14_55_25_vehicle_land_detected_0.csv
60,out,vehicle_land_detected,1771685770420000,14_55_25_vehicle_land_detected_0.csv
60,out,vehicle_land_detected,1771685771420000,14_55_25_vehicle_land_detected_0.csv
60,out,vehicle_land_detected,1771685772420000,14_55_25_vehicle_land_detected_0.csv
60,out,vehicle_land_detected,1771685773420000,14_55_25_vehicle_land_detected_0.csv
60,out,vehicle_land_detected,1771685774420000,14_55_25_vehicle_land_detected_0.csv
60,out,vehicle_land_detected,1771685775420000,14_55_25_vehicle_land_detected_0.csv
60,out,vehicle_land_detected,1771685776420000,14_55_25_vehicle_land_detected_0.csv
60,out,vehicle_land_detected,1771685777420000,14_55_25_vehicle_land_detected_0.csv
60,in,topic_6,1771685777644000,14_55_25_subscription_info_0.csv
60,out,vehicle_land_detected,1771685778420000,14_55_25_vehicle_land_detected_0.csv
60,out,vehicle_land_detected,1771685779420000,14_55_25_vehicle_land_detected_0.csv
60,in,topic_129,1771685779956000,14_55_25_subscription_info_0.csv
60,out,vehicle_land_detected,1771685780420000,14_55_25_vehicle_land_detected_0.csv
60,out,vehicle_land_detected,1771685781420000,14_55_25_vehicle_land_detected_0.csv
60,out,vehicle_land_detected,1771685782420000,14_55_25_vehicle_land_detected_0.csv
60,out,vehicle_land_detected,1771685783420000,14_55_25_vehicle_land_detected_0.csv
60,out,vehicle_land_detected,1771685784420000,14_55_25_vehicle_land_detected_0.csv
60,out,vehicle_land_detected,1771685785420000,14_55_25_vehicle_land_detected_0.csv
60,out,vehicle_land_detected,1771685786420000,14_55_25_vehicle_land_detected_0.csv
60,out,vehicle_land_detected,1771685787420000,14_55_25_vehicle_land_detected_0.csv
60,in,topic_3,1771685787724000,14_55_25_subscription_info_0.csv
60,out,vehicle_land_detected,1771685788420000,14_55_25_vehicle_land_detected_0.csv
60,out,vehicle_land_detected,1771685789420000,14_55_25_vehicle_land_detected_0.csv
60,in,topic_129,1771685789668000,14_55_25_subscription_info_0.csv
60,out,vehicle_land_detected,1771685790420000,14_55_25_vehicle_land_detected_0.csv
60,in,topic_22,1771685790916000,14_55_25_subscription_info_0.csv
60,out,vehicle_land_detected,1771685791420000,14_55_25_vehicle_land_detected_0.csv
60,in,topic_250,1771685791924000,14_55_25_subscription_info_0.csv
60,out,vehicle_land_detected,1771685792420000,14_55_25_vehicle_land_detected_0.csv
60,out,vehicle_land_detected,1771685793420000,14_55_25_vehicle_land_detected_0.csv
60,out,vehicle_land_detected,1771685794420000,14_55_25_vehicle_land_detected_0.csv
60,in,topic_33,1771685794500000,14_55_25_subscription_info_0.csv
60,out,vehicle_land_detected,1771685795420000,14_55_25_vehicle_land_detected_0.csv
60,out,vehicle_land_detected,1771685796420000,14_55_25_vehicle_land_detected_0.csv
60,out,vehicle_land_detected,1771685797420000,14_55_25_vehicle_land_detected_0.csv
60,out,vehicle_land_detected,1771685798420000,14_55_25_vehicle_land_detected_0.csv
60,out,vehicle_land_detected,1771685799420000,14_55_25_vehicle_land_detected_0.csv
60,out,vehicle_land_detected,1771685800420000,14_55_25_vehicle_land_detected_0.csv
60,out,vehicle_land_detected,1771685801420000,14_55_25_vehicle_land_detected_0.csv
60,out,vehicle_land_detected,1771685802420000,14_55_25_vehicle_land_detected_0.csv
60,out,vehicle_land_detected,1771685803420000,14_55_25_vehicle_land_detected_0.csv
60,in,topic_129,1771685803660000,14_55_25_subscription_info_0.csv
60,out,vehicle_land_detected,1771685804420000,14_55_25_vehicle_land_detected_0.csv
60,out,vehicle_land_detected,1771685805420000,14_55_25_vehicle_land_detected_0.csv
60,out,vehicle_land_detected,1771685806420000,14_55_25_vehicle_land_detected_0.csv
60,in,topic_250,1771685806964000,14_55_25_subscription_info_0.csv
60,out,vehicle_land_detected,1771685807420000,14_55_25_vehicle_land_detected_0.csv
60,out,vehicle_land_detected,1771685808420000,14_55_25_vehicle_land_detected_0.csv
60,out,vehicle_land_detected,1771685809420000,14_55_25_vehicle_land_detected_0.csv
60,out,vehicle_land_detected,1771685810420000,14_55_25_vehicle_land_detected_0.csv
60,in,topic_22,1771685810964000,14_55_25_subscription_info_0.csv
60,out,vehicle_land_detected,1771685811420000,14_55_25_vehicle_land_detected_0.csv
60,out,vehicle_land_detected,1771685812420000,14_55_25_vehicle_land_detected_0.csv
60,out,vehicle_land_detected,1771685813420000,14_55_25_vehicle_land_detected_0.csv
60,in,topic_250,1771685813788000,14_55_25_subscription_info_0.csv
60,out,vehicle_land_detected,1771685814420000,14_55_25_vehicle_land_detected_0.csv
60,out,vehicle_land_detected,1771685815420000,14_55_25_vehicle_land_detected_0.csv
60,out,vehicle_land_detected,1771685816420000,14_55_25_vehicle_land_detected_0.csv
60,out,vehicle_land_detected,1771685817420000,14_55_25_vehicle_land_detected_0.csv
60,out,vehicle_land_detected,1771685818204000,14_55_25_vehicle_land_detected_0.csv
60,out,vehicle_land_detected,1771685819204000,14_55_25_vehicle_land_detected_0.csv
60,out,vehicle_land_detected,1771685820204000,14_55_25_vehicle_land_detected_0.csv
60,in,topic_6,1771685820548000,14_55_25_subscription_info_0.csv
60,out,vehicle_land_detected,1771685821204000,14_55_25_vehicle_land_detected_0.csv
60,out,vehicle_land_detected,1771685822204000,14_55_25_vehicle_land_detected_0.csv
60,in,topic_250,1771685822964000,14_55_25_subscription_info_0.csv
60,out,vehicle_land_detected,1771685823204000,14_55_25_vehicle_land_detected_0.csv
60,out,vehicle_land_detected,1771685824204000,14_55_25_vehicle_land_detected_0.csv
60,out,vehicle_land_detected,1771685825204000,14_55_25_vehicle_land_detected_0.csv
60,in,topic_33,1771685826084000,14_55_25_subscription_info_0.csv
60,out,vehicle_land_detected,1771685826204000,14_55_25_vehicle_land_detected_0.csv
60,out,vehicle_land_detected,1771685827204000,14_55_25_vehicle_land_detected_0.csv
60,out,vehicle_land_detected,1771685828204000,14_55_25_vehicle_land_detected_0.csv
60,in,topic_22,1771685828908000,14_55_25_subscription_info_0.csv
60,out,vehicle_land_detected,1771685829204000,14_55_25_vehicle_land_detected_0.csv
60,out,vehicle_land_detected,1771685830204000,14_55_25_vehicle_land_detected_0.csv
60,out,vehicle_land_detected,1771685831204000,14_55_25_vehicle_land_detected_0.csv
60,out,vehicle_land_detected,1771685832204000,14_55_25_vehicle_land_detected_0.csv
60,out,vehicle_land_detected,1771685833204000,14_55_25_vehicle_land_detected_0.csv
60,out,vehicle_land_detected,1771685834204000,14_55_25_vehicle_land_detected_0.csv
60,out,vehicle_land_detected,1771685835204000,14_55_25_vehicle_land_detected_0.csv
60,out,vehicle_land_detected,1771685836204000,14_55_25_vehicle_land_detected_0.csv
60,out,vehicle_land_detected,1771685837204000,14_55_25_vehicle_land_detected_0.csv
60,out,vehicle_land_detected,1771685838204000,14_55_25_vehicle_land_detected_0.csv
60,out,vehicle_land_detected,1771685839204000,14_55_25_vehicle_land_detected_0.csv
60,out,vehicle_land_detected,1771685840204000,14_55_25_vehicle_land_detected_0.csv
60,out,vehicle_land_detected,1771685841204000,14_55_25_vehicle_land_detected_0.csv
60,out,vehicle_land_detected,1771685842204000,14_55_25_vehicle_land_detected_0.csv
60,out,vehicle_land_detected,1771685843204000,14_55_25_vehicle_land_detected_0.csv
60,out,vehicle_land_detected,1771685844204000,14_55_25_vehicle_land_detected_0.csv
60,out,vehicle_land_detected,1771685845204000,14_55_25_vehicle_land_detected_0.csv
60,in,topic_250,1771685845508000,14_55_25_subscription_info_0.csv
60,out,vehicle_land_detected,1771685846204000,14_55_25_vehicle_land_detected_0.csv
60,in,topic_250,1771685846508000,14_55_25_subscription_info_0.csv
60,out,vehicle_land_detected,1771685847204000,14_55_25_vehicle_land_detected_0.csv
60,out,vehicle_land_detected,1771685848204000,14_55_25_vehicle_land_detected_0.csv
60,in,topic_33,1771685849068000,14_55_25_subscription_info_0.csv
60,out,vehicle_land_detected,1771685849204000,14_55_25_vehicle_land_detected_0.csv
60,out,vehicle_land_detected,1771685850204000,14_55_25_vehicle_land_detected_0.csv
60,in,topic_129,1771685851068000,14_55_25_subscription_info_0.csv
60,out,vehicle_land_detected,1771685851204000,14_55_25_vehicle_land_detected_0.csv
60,out,vehicle_land_detected,1771685852204000,14_55_25_vehicle_land_detected_0.csv
60,in,topic_33,1771685852900000,14_55_25_subscription_info_0.csv
60,out,vehicle_land_detected,1771685853204000,14_55_25_vehicle_land_detected_0.csv
60,out,vehicle_land_detected,1771685854204000,14_55_25_vehicle_land_detected_0.csv
60,out,vehicle_land_detected,1771685855204000,14_55_25_vehicle_land_detected_0.csv
60,in,topic_129,1771685855836000,14_55_25_subscription_info_0.csv
60,out,vehicle_land_detected,1771685856204000,14_55_25_vehicle_land_detected_0.csv
60,out,vehicle_land_detected,1771685857204000,14_55_25_vehicle_land_detected_0.csv
60,in,topic_6,1771685858068000,14_55_25_subscription_info_0.csv
60,out,vehicle_land_detected,1771685858204000,14_55_25_vehicle_land_detected_0.csv
60,out,vehicle_land_detected,1771685859204000,14_55_25_vehicle_land_detected_0.csv
60,out,vehicle_land_detected,1771685860204000,14_55_25_vehicle_land_detected_0.csv
60,out,vehicle_land_detected,1771685861204000,14_55_25_vehicle_land_detected_0.csv
60,in,topic_129,1771685861364000,14_55_25_subscription_info_0.csv
60,in,topic_250,1771685862124000,14_55_25_subscription_info_0.csv
60,out,vehicle_land_detected,1771685862204000,14_55_25_vehicle_land_detected_0.csv
60,out,vehicle_land_detected,1771685863204000,14_55_25_vehicle_land_detected_0.csv
60,out,vehicle_land_detected,1771685864204000,14_55_25_vehicle_land_detected_0.csv
60,out,vehicle_land_detected,1771685865204000,14_55_25_vehicle_land_detected_0.csv
60,in,topic_129,1771685865804000,14_55_25_subscription_info_0.csv
60,in,topic_250,1771685865828000,14_55_25_subscription_info_0.csv
60,out,vehicle_land_detected,1771685866204000,14_55_25_vehicle_land_detected_0.csv
60,in,topic_22,1771685866388000,14_55_25_subscription_info_0.csv
60,in,topic_6,1771685867204000,14_55_25_subscription_info_0.csv
60,out,vehicle_land_detected,1771685867204000,14_55_25_vehicle_land_detected_0.csv
60,in,topic_129,1771685867492000,14_55_25_subscription_info_0.csv
60,out,vehicle_land_detected,1771685868204000,14_55_25_vehicle_land_detected_0.csv
60,out,vehicle_land_detected,1771685869204000,14_55_25_vehicle_land_detected_0.csv
60,out,vehicle_land_detected,1771685870204000,14_55_25_vehicle_land_detected_0.csv
60,out,vehicle_land_detected,1771685871204000,14_55_25_vehicle_land_detected_0.csv
60,in,topic_33,1771685871244000,14_55_25_subscription_info_0.csv
60,out,vehicle_land_detected,1771685872204000,14_55_25_vehicle_land_detected_0.csv
60,out,vehicle_land_detected,1771685873204000,14_55_25_vehicle_land_detected_0.csv
60,in,topic_129,1771685873348000,14_55_25_subscription_info_0.csv
60,out,vehicle_land_detected,1771685874204000,14_55_25_vehicle_land_detected_0.csv
60,out,vehicle_land_detected,1771685875204000,14_55_25_vehicle_land_detected_0.csv
60,out,vehicle_land_detected,1771685876204000,14_55_25_vehicle_land_detected_0.csv
60,out,vehicle_land_detected,1771685877204000,14_55_25_vehicle_land_detected_0.csv
60,out,vehicle_land_detected,1771685878204000,14_55_25_vehicle_land_detected_0.csv
60,out,vehicle_land_detected,1771685879204000,14_55_25_vehicle_land_detected_0.csv
60,in,topic_129,1771685879996000,14_55_25_subscription_info_0.csv
60,out,vehicle_land_detected,1771685880204000,14_55_25_vehicle_land_detected_0.csv
60,out,vehicle_land_detected,1771685880420000,14_55_25_vehicle_land_detected_0.csv
60,out,vehicle_land_detected,1771685880772000,14_55_25_vehicle_land_detected_0.csv
60,out,vehicle_land_detected,1771685881108000,14_55_25_vehicle_land_detected_0.csv
60,in,topic_3,1771685881148000,14_55_25_subscription_info_0.csv
60,out,vehicle_land_detected,1771685882108000,14_55_25_vehicle_land_detected_0.csv
60,out,vehicle_land_detected,1771685883108000,14_55_25_vehicle_land_detected_0.csv
60,out,vehicle_land_detected,1771685884108000,14_55_25_vehicle_land_detected_0.csv
